353 397
286 350
141 340
146 182
269 356
335 361
174 386
157 217
234 275
182 398
251 253
267 374
12 155
138 196
10 219
132 253
101 367
199 392
194 363
196 271
47 143
257 304
200 273
142 253
43 160
103 162
266 323
44 305
186 226
62 330
96 217
180 348
342 357
230 347
136 308
251 379
53 353
95 297
113 165
110 251
86 164
80 261
232 382
206 221
33 337
82 241
359 376
108 306
219 318
132 187
70 120
239 269
31 390
69 222
64 120
57 180
17 396
23 71
66 322
64 114
20 152
130 385
100 157
71 88
111 184
264 268
308 363
165 371
149 312
113 371
273 350
122 159
89 203
26 153
11 342
106 294
118 222
110 221
136 159
384 394
86 203
344 371
33 212
142 252
107 195
162 282
86 370
206 251
84 221
96 356
359 392
97 295
154 339
132 365
111 361
12 198
62 225
69 308
90 160
178 311
51 140
77 250
136 262
24 190
199 229
201 351
87 346
116 392
61 191
23 154
131 339
78 87
213 277
202 239
301 325
115 156
171 342
59 95
109 174
127 320
74 309
355 359
200 343
80 223
65 240
52 81
204 322
84 276
72 162
53 165
104 199
180 378
224 362
10 260
26 187
28 239
67 85
260 318
49 310
143 312
122 308
223 322
28 183
181 216
161 272
195 360
191 299
163 202
137 395
311 375
40 228
27 114
241 385
125 292
174 281
279 350
298 336
90 167
25 392
71 143
3 158
205 225
138 270
24 119
329 332
129 149
92 148
50 55
1 241
236 297
92 201
26 142
6 222
185 247
321 378
48 206
205 287
4 163
144 358
28 267
29 256
3 398
49 383
184 318
48 339
126 185
168 284
69 118
114 370
294 397
160 358
36 179
128 367
374 391
241 361
123 253
5 97
14 163
6 304
134 238
1 130
101 396
261 280
185 268
252 341
273 362
257 380
57 321
141 380
280 307
204 370
275 386
20 390
212 337
189 270
220 361
184 258
61 107
54 353
71 312
116 240
109 299
208 314
212 233
21 79
84 251
101 262
18 32
40 170
206 313
184 219
318 335
185 306
49 398
59 70
238 297
39 47
35 301
10 121
119 280
109 281
166 287
125 381
122 268
12 56
207 383
107 245
349 356
140 333
96 267
129 374
39 51
68 332
321 332
25 200
59 139
86 322
233 337
133 272
142 365
91 334
136 155
83 288
316 327
82 170
147 302
156 337
247 268
63 87
68 378
15 80
123 341
50 238
42 94
40 135
95 134
246 346
222 367
252 377
6 386
167 186
40 189
263 326
183 324
75 159
282 329
66 384
225 390
209 218
13 338
62 250
233 327
129 188
118 396
340 364
63 78
220 335
103 169
67 230
199 355
36 106
90 193
132 377
58 298
12 375
114 300
208 375
3 54
92 140
30 259
123 187
14 237
145 355
102 386
76 202
143 172
144 327
176 256
317 329
8 9
309 369
364 380
100 227
104 193
75 268
78 291
257 272
133 340
4 44
265 357
26 253
94 394
5 29
88 143
67 231
48 312
15 280
51 331
89 177
18 382
78 368
0 377
167 358
54 179
158 319
191 316
238 381
60 210
122 396
43 90
118 247
208 384
41 56
103 282
37 172
69 122
38 53
164 223
209 290
149 339
178 245
189 283
294 388
103 112
85 230
57 372
213 339
0 251
25 65
173 398
146 398
53 382
159 306
162 284
62 390
210 294
107 299
302 391
72 317
222 281
89 357
16 335
60 142
281 386
1 220
73 213
72 180
9 273
67 305
262 375
221 252
16 138
170 399
189 246
53 158
158 207
302 313
282 317
184 361
179 397
206 315
127 192
38 397
54 105
76 267
67 320
23 288
244 285
16 241
73 157
234 360
326 380
110 253
116 359
15 307
170 175
189 317
297 381
169 387
187 341
130 241
194 281
107 281
35 325
8 324
54 319
157 267
165 388
212 327
104 355
25 193
188 277
37 395
39 357
195 318
71 83
71 395
114 214
32 397
91 235
42 203
208 354
203 357
149 213
342 366
31 75
204 280
225 287
118 185
177 265
201 215
56 198
31 211
10 195
223 307
122 136
202 320
128 354
30 355
310 383
187 315
117 184
167 291
37 149
29 333
30 334
211 268
228 399
27 171
165 344
109 373
32 81
6 245
226 368
58 154
6 102
6 194
66 370
24 261
147 276
212 351
45 131
78 150
2 169
20 280
251 252
104 392
147 347
27 214
230 374
68 72
163 239
41 128
127 197
216 303
23 58
354 367
6 363
120 146
139 274
137 298
64 236
21 29
189 332
50 398
176 351
25 98
64 80
194 308
33 358
300 398
168 387
79 316
275 340
110 341
250 390
189 399
167 226
86 97
22 303
126 247
7 160
313 391
317 321
87 226
12 66
148 358
9 356
323 382
102 360
288 395
169 301
19 217
242 390
181 306
68 271
353 388
33 144
167 376
51 89
244 246
120 134
168 301
9 183
291 358
32 319
57 68
125 134
3 105
86 177
30 235
62 242
214 249
315 379
341 377
329 399
278 303
300 342
81 323
192 237
203 265
77 125
139 381
33 233
181 303
161 264
62 152
86 394
63 150
223 280
148 201
14 44
284 387
93 127
58 227
5 295
65 145
275 360
181 293
214 342
6 34
39 143
117 258
83 395
113 397
135 138
120 173
85 302
284 325
62 287
23 172
162 168
55 120
230 391
70 173
103 321
87 248
41 384
245 367
122 161
41 262
332 378
178 314
10 275
116 193
111 335
141 304
42 394
93 197
204 223
336 395
146 173
335 385
72 329
19 96
20 119
322 370
35 168
39 88
38 113
107 121
121 275
158 383
166 225
35 284
164 177
190 280
325 387
58 395
46 199
328 395
254 324
102 121
151 221
23 83
70 297
60 388
57 284
344 352
47 71
65 393
278 306
175 209
103 301
151 315
277 339
327 337
205 268
74 323
258 318
78 226
169 325
200 349
191 351
2 103
118 122
34 363
22 293
250 287
88 154
263 304
89 331
80 280
15 236
78 233
75 306
56 394
264 272
59 274
154 298
67 127
52 74
50 146
15 119
126 159
48 277
222 245
151 276
29 140
228 270
92 336
31 166
41 375
105 158
60 341
216 264
240 393
193 343
121 281
154 312
161 185
99 167
18 266
190 261
243 373
184 220
145 229
70 134
13 163
186 248
2 162
130 335
270 283
10 360
19 273
5 176
210 377
78 167
160 362
174 245
105 182
219 345
45 251
212 291
38 81
137 288
309 319
196 399
37 58
177 357
375 384
137 227
277 312
106 377
22 108
131 379
18 158
7 43
286 324
215 358
153 365
177 203
249 300
1 209
60 106
256 333
10 386
209 241
117 364
115 316
165 353
152 250
282 399
154 288
18 52
314 354
191 243
112 399
125 139
28 374
221 379
83 172
141 272
261 307
94 178
172 312
32 54
32 353
151 251
61 345
34 367
269 338
144 212
29 42
50 310
125 274
196 228
76 96
170 246
13 279
96 183
37 73
93 231
190 375
65 116
161 306
32 158
37 277
116 229
17 190
115 337
133 161
97 203
143 331
121 174
16 135
19 349
260 385
133 263
116 145
1 111
7 167
156 233
349 350
19 286
190 390
149 277
129 267
124 256
49 238
104 393
257 326
174 243
199 359
239 254
188 313
128 222
84 255
3 32
170 290
264 340
353 371
229 240
22 389
43 167
334 392
78 99
59 381
61 373
273 343
4 237
41 311
101 314
195 386
128 208
195 260
55 292
360 386
21 176
43 224
23 143
20 297
254 269
47 333
228 283
3 249
165 382
81 353
47 51
17 155
195 219
106 132
107 345
104 240
67 93
234 258
96 202
269 279
216 278
201 212
7 224
263 340
109 245
167 368
198 375
58 83
166 242
98 229
225 330
43 78
190 262
138 228
132 210
90 224
150 186
30 199
107 386
29 51
166 205
202 237
79 373
188 374
90 362
57 325
306 389
299 316
194 222
119 297
79 201
128 308
65 392
15 24
141 364
106 341
311 384
198 354
68 372
91 145
116 376
148 176
66 177
86 311
138 189
57 103
31 287
18 323
18 53
9 324
207 266
44 192
39 331
0 84
93 305
36 142
82 135
124 140
126 278
174 299
224 358
143 154
235 334
9 254
185 264
11 214
230 320
229 393
126 264
158 309
130 209
70 292
73 339
85 391
197 320
94 109
186 291
106 388
161 247
153 179
40 138
88 172
40 218
4 202
73 149
236 307
16 175
232 323
67 391
227 288
16 283
99 156
85 93
276 313
187 251
38 165
156 285
281 363
161 278
347 374
224 343
322 357
165 352
122 247
141 257
112 346
34 194
19 200
111 258
10 318
81 113
87 150
4 127
226 248
171 249
299 345
73 129
33 99
161 303
140 256
55 173
6 281
131 315
36 60
114 171
32 53
132 388
304 326
32 105
56 94
38 344
129 277
259 355
97 256
121 386
21 256
110 151
289 383
46 229
278 389
26 365
42 86
126 306
114 249
117 326
18 207
74 382
337 368
255 315
41 314
37 339
101 308
58 137
34 281
5 124
96 374
27 322
10 345
321 348
19 356
166 185
51 71
52 323
16 82
63 186
200 350
93 230
108 293
13 237
11 300
17 308
103 168
234 260
154 395
103 284
113 294
29 97
178 208
49 289
8 338
65 193
8 269
88 296
128 194
79 191
210 388
28 100
160 224
64 398
42 97
92 298
27 300
196 317
214 366
148 215
235 240
156 212
235 355
44 67
206 379
254 356
188 213
110 377
34 245
300 366
192 305
279 338
254 338
371 382
49 146
42 295
84 147
9 349
280 297
217 374
363 367
46 334
133 264
25 229
14 67
155 354
81 232
48 73
56 178
273 286
73 277
64 238
211 306
99 368
33 215
180 372
82 335
33 78
135 335
127 231
253 365
118 308
51 143
110 255
96 100
124 333
79 351
194 367
128 396
130 220
68 329
207 309
135 175
177 322
27 342
345 386
199 235
183 349
98 338
268 306
234 318
278 293
99 212
33 167
91 359
184 326
276 302
45 206
173 310
68 321
263 275
211 242
54 397
56 314
5 333
33 43
191 212
52 232
279 356
369 383
72 282
177 370
214 398
84 206
84 379
115 212
82 138
182 300
150 244
104 145
175 283
372 378
80 307
213 313
77 390
63 244
89 265
359 393
320 391
134 292
184 380
162 169
18 81
8 356
251 315
75 330
162 348
85 231
56 354
34 69
243 299
186 368
43 368
16 40
53 81
51 124
8 13
92 124
104 235
129 213
244 346
2 57
70 125
239 356
119 223
119 261
289 310
127 237
51 88
43 358
240 392
135 290
10 234
11 249
122 185
45 187
284 301
10 326
134 381
150 346
175 189
100 183
279 324
104 359
269 324
45 379
247 306
210 341
258 360
159 268
25 104
66 164
223 236
21 333
43 148
137 157
20 261
58 328
265 331
23 312
66 311
59 134
46 145
128 314
66 86
179 366
222 396
291 368
131 206
208 311
136 396
187 221
347 391
303 306
147 313
102 234
54 182
225 242
170 218
123 153
100 267
71 154
41 155
50 70
15 261
15 223
45 48
191 373
13 356
288 328
182 249
29 295
91 355
131 277
60 352
60 397
47 331
12 384
113 382
85 347
219 385
199 393
193 229
18 353
166 211
37 48
293 303
114 204
183 286
96 239
392 393
5 21
47 88
324 356
52 382
193 240
276 379
103 325
95 238
199 240
9 286
245 363
223 370
227 328
61 316
288 312
256 351
19 183
119 307
169 284
156 316
14 192
144 148
90 358
257 340
76 163
162 321
198 262
131 251
83 154
16 130
236 238
4 320
26 123
105 319
53 371
195 234
162 372
11 171
72 103
294 352
36 132
129 391
121 360
324 349
244 399
35 169
68 317
72 372
0 110
182 319
155 198
46 98
120 238
254 279
285 337
94 243
134 274
272 340
56 384
128 155
157 288
76 374
152 287
135 170
133 257
119 204
350 356
88 331
36 294
9 279
12 262
221 251
28 96
102 107
45 277
144 201
245 281
18 319
18 309
275 326
311 394
106 352
123 296
326 364
130 361
159 185
121 234
33 368
240 376
159 242
142 341
68 103
110 252
35 387
110 315
198 384
183 350
145 392
334 355
19 254
200 286
183 254
75 287
196 332
295 333
225 250
144 291
71 172
199 334
287 390
8 239
177 342
81 382
110 187
1 16
40 283
95 381
248 376
102 281
126 272
44 231
207 369
100 374
168 325
240 359
123 365
14 305
43 144
57 72
95 274
204 307
316 373
61 115
74 232
294 344
3 207
65 229
115 327
166 268
145 240
55 238
213 347
33 156
288 336
123 142
132 142
25 350
12 314
20 77
5 256
226 376
32 38
58 288
152 390
193 392
14 127
28 217
153 366
275 304
176 191
121 195
97 265
53 113
249 398
3 182
248 359
159 205
2 301
240 248
127 305
101 354
151 255
48 172
308 396
115 233
113 344
4 231
134 139
80 297
65 286
79 176
133 364
167 233
85 197
42 256
183 217
222 308
175 270
145 235
72 321
188 391
132 252
158 182
251 255
153 296
164 322
332 372
188 267
69 194
9 19
238 292
44 237
307 370
49 173
108 278
106 252
26 36
70 381
9 200
149 157
102 304
4 14
128 262
86 384
114 177
26 106
55 70
112 329
186 376
6 69
160 273
44 202
75 211
316 351
68 282
111 220
43 291
49 55
247 264
101 208
213 374
117 380
23 37
282 332
7 343
210 352
258 275
253 341
0 315
219 260
246 329
145 334
214 300
78 337
70 95
71 331
95 125
253 315
39 71
45 315
178 354
3 319
5 42
175 218
196 270
23 339
181 278
109 243
56 208
203 295
183 273
30 91
239 279
87 186
176 201
82 218
97 333
233 291
158 266
86 265
254 350
144 233
319 369
80 119
126 293
99 337
126 268
72 378
29 203
124 336
23 395
16 218
348 372
304 340
87 99
102 263
10 258
349 362
55 139
119 236
125 297
231 320
145 199
145 359
41 101
302 347
173 238
158 369
76 239
63 248
138 218
7 90
188 347
31 225
178 367
40 241
61 109
82 228
171 300
230 231
209 335
37 154
61 299
20 24
122 126
15 204
11 27
6 121
298 395
101 128
80 370
111 318
12 311
55 95
56 311
291 337
2 348
49 120
321 372
164 203
47 124
1 361
38 294
81 371
129 313
198 314
83 339
235 359
31 62
388 397
24 280
271 317
162 301
39 265
28 202
101 136
193 393
159 247
95 139
150 248
65 104
83 143
0 151
48 131
12 41
128 363
61 174
219 360
117 141
72 332
216 293
208 367
257 264
53 397
7 215
24 152
294 353
22 181
92 176
217 267
172 395
126 181
181 389
107 174
155 190
40 82
162 325
156 327
94 373
39 89
286 349
227 395
312 395
36 397
104 229
31 250
38 60
328 336
345 360
41 198
65 200
144 215
50 120
235 259
228 271
311 314
64 204
164 370
3 146
179 388
212 215
271 378
121 263
35 103
54 158
299 373
114 223
0 255
197 231
12 354
99 327
82 290
147 206
285 327
236 292
99 233
197 230
27 177
113 353
58 336
164 204
112 282
11 105
260 345
21 295
74 266
99 291
187 252
242 287
70 238
274 381
33 327
219 258
46 392
112 246
20 190
31 205
41 354
174 345
5 140
87 167
34 121
8 279
187 365
194 245
10 102
73 312
176 215
2 168
155 262
344 353
8 98
4 305
135 241
55 381
24 297
171 214
108 181
15 20
198 208
341 365
81 266
205 211
11 366
19 324
234 345
9 350
81 158
90 343
200 324
182 207
138 283
170 228
144 337
15 297
38 353
4 230
198 311
164 307
194 314
212 316
252 253
28 157
34 222
221 315
317 332
111 130
293 306
63 346
103 372
242 330
26 132
211 330
78 186
343 362
35 282
108 389
99 285
293 389
70 236
13 202
301 387
104 116
167 248
241 335
298 328
44 320
102 195
76 356
121 345
79 148
43 215
55 274
135 218
70 274
207 319
36 388
270 271
205 330
183 356
312 339
31 242
66 394
296 331
309 383
114 322
64 292
171 322
146 249
17 136
257 364
232 266
92 328
45 339
151 379
231 391
57 162
75 242
120 292
207 289
16 209
303 389
13 269
37 83
82 175
229 392
84 151
361 385
227 298
259 387
2 284
25 393
159 211
185 205
258 326
175 228
58 312
187 253
91 199
137 336
22 216
188 230
219 234
116 393
21 351
28 76
189 228
37 312
7 358
25 286
75 205
246 282
203 394
82 209
73 188
147 379
138 170
100 217
51 333
61 243
11 182
107 360
0 379
285 291
105 397
127 163
292 381
55 134
108 303
6 275
87 368
159 166
161 268
12 208
155 375
40 175
38 54
35 162
313 347
108 216
165 294
27 249
40 270
60 294
145 393
75 185
1 335
185 211
273 349
17 101
80 236
135 209
83 312
113 352
95 292
41 178
31 330
87 291
227 336
106 142
257 263
33 291
18 38
317 378
175 290
80 204
44 163
70 139
166 330
246 399
138 175
233 285
111 385
8 254
52 266
163 237
8 350
21 201
105 179
271 332
123 132
107 109
266 309
17 262
319 383
189 196
26 252
289 369
288 298
0 221
289 309
286 343
126 161
97 394
41 208
242 250
252 315
49 50
67 197
47 140
26 341
7 362
220 241
218 290
102 275
137 328
168 169
171 177
79 256
101 155
204 236
180 321
252 365
292 297
261 297
233 368
23 88
13 239
314 367
260 360
132 341
222 363
77 152
75 225
195 345
133 141
189 271
84 315
111 219
69 396
2 325
120 381
154 172
4 67
57 301
80 292
60 132
172 339
111 241
87 376
91 259
6 263
95 120
324 350
318 385
44 127
205 242
351 373
19 350
22 278
129 347
75 166
57 348
138 209
57 378
165 397
186 346
141 263
256 295
160 343
40 209
266 369
18 54
35 112
47 154
38 388
106 210
50 173
93 320
126 303
272 364
146 319
236 280
68 162
39 296
221 255
157 227
59 125
197 302
234 386
21 191